


ITEM ENCODED

item_id,properties
5101,0|0|0|1|0|1|1|0|1|0|1|0|1|1|0|0|0|0|1|0|0|0|1|0|1|1|1|0|1|0|0|1|0|0|1|0|1|0|0|1|1|0|0|0|1|0|0|0|0|1|0|1|1|1|0|1|1|0|0|0|0|1|1|1|0|1|1|0|1|0|1|0|0|0|0|0|0|0|0|0|1|1|0|0|1|1|1|0|0|0|0|1|1|1|0|0|1|0|0|1|0|1|0|0|0|1|1|0|1|1|0|1|0|1|0|1|1|0|1|1|0|0|0|0|0|1|0|1|0|0|0|0|0|0|0|0|0|0|0|0|0|0|1|0|1|1|1|1|0|0|0|0|0|0|0|1|1
5416,0|0|0|1|0|0|0|0|0|0|0|0|0|1|0|0|0|0|1|0|0|0|0|0|0|1|0|0|1|0|0|0|0|0|1|0|1|0|0|1|1|0|0|0|1|0|0|0|0|0|1|0|1|0|0|0|1|1|1|1|0|1|1|1|0|0|1|0|0|0|1|0|0|0|0|0|0|0|0|0|1|1|0|0|0|1|0|0|0|0|0|1|1|1|0|0|0|0|0|1|0|1|0|1|0|0|0|0|1|1|0|0|0|0|0|1|0|0|1|1|1|0|0|0|0|1|0|1|0|0|0|1|0|0|0|0|0|0|0|0|0|0|1|0|1|0|0|1|0|0|1|0|0|0|1|1|1
5834,0|0|1|0|0|0|0|0|0|0|0|0|0|0|1|0|0|0|0|1|0|0|1|0|0|1|0|0|1|0|0|1|0|0|1|0|0|0|0|1|1|0|0|0|1|0|0|0|0|0|0|0|1|0|0|0|1|1|1|1|0|1|1|0|1|0|1|0|0|0|1|0|0|0|1|0|0|0|0|0|1|0|0|0|0|0|0|0|0|0|0|0|1|1|0|0|1|0|0|1|0|1|0|0|0|0|0|0|0|1|0|0|0|0|0|1|1|0|1|1|0|0|0|0|0|1|1|0|0|0|0|0|0|0|0|0|0|0|0|0|0|0|1|0|0|0|0|1|0|0|1|0|0|0|0|1|1
5910,0|0|0|1|0|0|0|0|0|0|0|0|0|1|0|0|0|0|1|0|0|0|0|0|0|1|1|0|1|0|0|1|0|0|1|1|1|0|0|1|0|0|0|0|0|0|0|0|0|0|0|0|1|0|0|0|0|1|1|0|0|1|1|1|0|0|1|0|0|0|0|0|0|0|0|0|0|0|0|0|1|1|0|0|0|0|0|0|0|0|0|1|1|1|0|0|0|0|0|1|0|1|0|1|0|0|0|0|1|0|0|1|0|1|0|0|1|1|1|1|0|0|0|0|0|1|0|0|0|0|1|0|0|0|0|0|0|0|0|0|0|0|1|0|1|1|1|1|0|0|0|0|0|0|0|1|0


ITEM

item_id,properties
5101,Satellite TV|Golf Course|Airport Shuttle|Cosmetic Mirror|Safe (Hotel)|Telephone|Hotel|Sitting Area (Rooms)|Reception (24/7)|Air Conditioning|Hypoallergenic Rooms|Cable TV|Hotel Bar|Pool Table|Bathtub|Satisfactory Rating|Room Service|Luxury Hotel|Terrace (Hotel)|Television|Minigolf|Business Hotel|Shower|Cot|Gym|Hairdryer|Hypoallergenic Bedding|Accessible Parking|From 3 Stars|Good Rating|Radio|4 Star|From 4 Stars|Family Friendly|Desk|Tennis Court (Indoor)|Balcony|WiFi (Public Areas)|Openable Windows|Express Check-In / Check-Out|Restaurant|Laundry Service|Ironing Board|Tennis Court|From 2 Stars|Business Centre|Bowling|Conference Rooms|Electric Kettle|Accessible Hotel|Porter|Bike Rental|Non-Smoking Rooms|Car Park|Safe (Rooms)|Fitness|Fan|Flatscreen TV|Computer with Internet|WiFi (Rooms)|Lift|Central Heating



TRAIN ENCODED

session_id,user_id,timestamp,step,item_id,impressions,prices,session_vec
00000510f1adc,WT30CXPIG450,1541064087,1,7281198,2661832|9222426|7051844|4079190|5752778|4683984|7281198|2841236|4480924|4673504|9213352|10684446|7184754|4529374|4450520|7192584|9795808|6027884|5930490|4706812|5940680|5077956|9415516|7038604|7187604,46|26|16|38|12|20|21|27|13|21|36|9|144|19|8|19|22|20|9|16|21|15|65|20|20,0|0|0|0|0|0|0|0|0|0
00003f3b20954,CITFOTN2IT5P,1541097696,1,979325,87132|886881|486611|979325|87173|87175|149508|131633|591001|662606|2590457|91350|4765858|128201|127538|127411|14230|91356|2256994|889723|2304072|1346934|7213818|590791|9671210,330|187|437|159|499|324|476|381|424|159|144|190|502|481|381|482|182|158|505|720|110|330|570|492|450,0|0|0|0|0|0|0|0|0|0
000056cd97ce2,0TBXPQCK401O,1541483924,3,3811810,3811810|496141|674016|1153426|1339848|8400372|693816|521336|519061|1482717|4553004|8113288|2201652|1837709|981929|1339918|1029982|2683660|4605858|3910198|3839632|1985155|6177190|3820012|3864648,187|78|100|51|150|81|44|36|53|104|93|48|38|52|52|26|33|20|15|38|20|62|28|24|18,0|0|0|0|0|0|0|2|0|0
000056cd97ce2,0TBXPQCK401O,1541484101,4,3811810,3811810|496141|674016|1153426|1339848|8400372|693816|521336|519061|1482717|4553004|8113288|2201652|1837709|981929|1339918|1029982|2683660|4605858|3910198|3839632|1985155|6177190|3820012|3864648,187|78|100|51|150|81|44|36|53|104|93|48|38|52|52|26|33|20|15|38|20|62|28|24|18,3|0|0|0|0|0|0|2|0|0


TRAIN

user_id,session_id,timestamp,step,action_type,reference,platform,city,device,current_filters,impressions,prices
00RL8Z82B2Z1,aff3928535f48,1541037460,1,search for poi,Newtown,AU,"Sydney, Australia",mobile,,,
00RL8Z82B2Z1,aff3928535f48,1541037522,2,interaction item image,666856,AU,"Sydney, Australia",mobile,,,





TEST

user_id,session_id,timestamp,step,action_type,reference,platform,city,device,current_filters,impressions,prices
004A07DM0IDW,1d688ec168932,1541555614,1,interaction item image,2059240,CO,"Santa Marta, Colombia",mobile,,,
004A07DM0IDW,1d688ec168932,1541555614,2,interaction item image,2059240,CO,"Santa Marta, Colombia",mobile,,,



Session_vec: 0|0|0|0|0|0|0|0|0|0(<class 'str'>), Item_id: 2250926(<class 'int'>), Impressions: 2250926|131953|2817354|6100910|3375474|1810199|3801216|4569102|3204974|2247772|3203386|6200626|7752678|4800818|8114256|7202594(<class 'str'>)



SUBMISSION

user_id,session_id,timestamp,step,item_recommendations
000324D9BBUC,89643988fdbfb,1541593942,10,924795 106315 1033140 119494 101758 903037 1050792 97171 353141 2094950 923407 106307 1000915 97170 147907 1838901 1729121 2182130 904851 927351 4234718 2358690 2431104 1241375 152107
0004Q49X39PY,9de47d9a66494,1541641157,1,3505150 3812004 2227896 2292254 3184842 2227026 8153310 10213134 320746 2213014 1978919 4504242 1012049 595506 1953665 4486372 3508724 1984229 3202894 2714500 3202412 1987127 2714480 7769010 2712428
0004Q49X39PY,beea5c27030cb,1541561202,1,4476010 3505150 3812004 2227896 2292254 2227026 1736323 2926933 9343000 7101352 1953665 1984229 7984902 10024490 3202894 2508850 3843244 5052004 7794970 3766088 3823768 2712428 9017272 5497362 6030666
00071784XQ6B,9617600e1ba7c,1541630328,2,22854 3067559 22721 22713 16121 22772 22727 22764 150882 22716 150825 22714 22711 22798 45096 4082698 102569 5889794 102568 1478189 22819 22797 22705 22848 3498754
0008BO33KUQ0,2d0e2102ee0dc,1541636411,6,9857656 5849628 655716 1352530 502066 1405084 2176280 507861 2143854 4342348 1241177 1669587 6451832 977727 6147882 1008737 4272108 3133206 1887759 1830637 3133204 4984730 1888653 1944129 1496381
000GO9NY6P4M,55dbafdbb9bab,1541594662,2,160577 157710 1618677 7231396 483691 1479743 1287958 319866 4058060 9910744 7972640 8145544 8500476 7849060 6120442
